spameister.wav
spameister.jpg
180 8
# Spameister Official by Jerrybibo
# How fast can your reaction time and your fingers get?
34 0
36 0
38 0
40 0
42 0
44 0
46 0
48 0
#
50 7
52 7
54 7
56 7
58 7
60 7
62 7
64 7
#
66 3
68 3
70 3
72 3
74 3
76 3
78 3
#
80 3
82 4
84 4
86 4
88 4
90 4
92 4
94 4
96 4
#
98 1
102 5
104 6
106 2
108 1
110 5
112 6
114 2
#
116 2
118 6
120 5
122 1
124 2
126 6
128 5
130 1
#
132 0
134 0
134 1
136 0
138 0
138 2
140 0
142 0
142 3
144 0
146 0
146 4
#
148 4
148 0
#
150 4
152 4
152 7
154 4
156 4
156 6
158 4
160 4
160 5
#
162 4
162 0
#
178 0
178 7
179 1
179 6
180 2
180 5
181 3
181 4
#
198 0
198 1
202 1
202 2
206 2
206 3
210 3
210 4
214 4
214 5
218 5
218 6
222 6
222 7
226 7
226 0
#
230 0
231 1
232 2
233 3
235 4
236 5
237 6
238 7
#
240 3
241 2
242 1
243 0
245 7
246 6
247 5
248 4
#
256 7
256 0
258 7
260 7
260 0
262 7
264 7
264 0
266 7
268 7
268 0
270 7
#
272 6
272 1
274 6
276 6
276 1
278 6
280 6
280 1
282 6
284 6
284 1
286 6
#
288 5
288 2
290 5
292 5
292 2
294 5
296 5
296 2
298 5
300 5
302 2
302 5
#
304 4
304 3
306 4
308 4
308 3
310 4
312 4
312 3
314 4
316 4
316 3
318 4
#
322 3
322 4
324 3
326 3
326 4
328 3
330 3
330 4
332 3
334 3
334 4
336 3
#
338 2
338 5
340 2
342 2
342 5
344 2
346 2
346 5
348 2
350 2
350 5
352 2
#
354 1
354 6
356 1
358 1
358 6
360 1
362 1
362 6
364 1
366 1
366 6
368 1
#
370 0
370 7
372 0
374 0
374 7
376 0
378 0
378 7
380 0
382 0
382 7
384 0
#
386 0
387 0
388 0
390 0
391 0
392 0
394 0
395 0
396 0
398 0
399 0
400 0
#
402 4
403 4
404 4
406 4
407 4
408 4
410 4
411 4
412 4
414 4
415 4
416 4
#
418 3
419 3
420 3
422 3
423 3
424 3
426 3
427 3
428 3
430 3
431 3
432 3
#
434 7
435 7
436 7
438 7
439 7
440 7
442 7
443 7
444 7
446 7
447 7
448 7
#
450 1
451 1
452 1
454 1
455 1
456 1
458 1
459 1
460 1
462 1
463 1
464 1
#
466 5
467 5
468 5
470 5
471 5
472 5
474 5
475 5
476 5
478 5
479 5
480 5
#
482 2
483 2
484 2
485 2
486 2
487 2
488 2
489 2
490 2
491 2
492 2
493 2
494 2
495 2
496 2
497 2
#
498 6
499 6
500 6
501 6
502 6
503 6
504 6
505 6
506 6
507 6
508 6
509 6
510 6
511 6
512 6
513 6
#
514 0
514 4
516 1
516 5
520 3
520 7
#
544 3
544 7
546 2
546 6
550 0
550 4
#
580 1
580 5
582 2
582 6
586 3
586 4
#
602 0
602 7
604 1
604 6
606 2
606 5
608 3
608 4
609 2
609 5
610 1
610 6
611 0
611 7
#
618 0
618 4
620 1
620 5
622 2
622 6
#
640 0
644 1
648 2
652 3
656 4
660 5
664 6
668 7
#
672 7
676 6
680 5
684 4
688 3
692 2
696 1
700 0
#
704 0
704 4
708 1
708 5
712 2
712 6
716 3
716 7
720 4
720 0
724 5
724 1
728 6
728 2
732 7
732 3
#
736 3
736 7
738 2
738 6
740 1
740 5
742 0
742 4
744 1
744 5
746 2
746 6
748 3
748 7
750 2
750 6
752 1
752 5
754 0
754 4
756 1
756 5
758 2
758 6
760 3
760 7
762 2
762 6
764 1
764 5
766 0
766 4
#
768 0
770 0
772 0
774 0
784 0
786 0
788 0
790 0
797 0
801 0
805 0
809 0
813 0
817 0
821 0
825 0
829 0
833 0
837 0
841 0
845 0
849 0
853 0
857 0
861 0
865 0
867 0
869 0
871 0
873 0
875 0
877 0
879 0
881 0
883 0
885 0
887 0
889 0
891 0
893 0
895 0
897 0
901 0
905 0
909 0
913 0
917 0
921 0
925 0
929 0
933 0
937 0
941 0
945 0
949 0
953 0
957 0
961 0
963 0
965 0
969 0
971 0
973 0
977 0
979 0
981 0
985 0
987 0
989 0
993 0
995 0
996 0
998 0
1001 0
1003 0
1005 0
1006 0
1009 0
1011 0
1013 0
1015 0
1016 0
1017 0
1019 0
1020 0
1021 0
1022 0
1023 0
1024 0
1025 0

